cam1:
  transform: #from cam1 to scout_mini
  - [0.7071, 0.0, 0.7071, 0.03]
  - [-0.7071, 0.0, 0.7071, 0.04]
  - [0.0, -1.0, 0.0, 0.2]
  - [0.0, 0.0, 0.0, 1.0]
  intrinsics:
    K: [315.0, 315.0, 512.0, 512.0]
    D: [0.62, 1.05]
cam2:
  transform:
  - [-0.7071, 0.0, 0.7071, 0.03]
  - [-0.7071, 0.0, -0.7071, -0.04]
  - [0.0, -1.0, 0.0, 0.2]
  - [0.0, 0.0, 0.0, 1.0]
  intrinsics:
    K: [315.0, 315.0, 512.0, 512.0]
    D: [0.62, 1.05]
cam3:
  transform:
  - [-0.7071, 0.0, -0.7071, -0.03]
  - [0.7071, 0.0, -0.7071, -0.04]
  - [0.0, -1.0, 0.0, 0.2]
  - [0.0, 0.0, 0.0, 1.0]
  intrinsics:
    K: [315.0, 315.0, 512.0, 512.0]
    D: [0.62, 1.05]
cam4:
  transform:
  - [0.7071, 0.0, -0.7071, -0.03]
  - [0.7071, 0.0, 0.7071, 0.04]
  - [0.0, -1.0, 0.0, 0.2]
  - [0.0, 0.0, 0.0, 1.0]
  intrinsics:
    K: [315.0, 315.0, 512.0, 512.0]
    D: [0.62, 1.05]